"from_id","from_name","message","created_time","likes_count","comments_count","id"
"1890227834636371","Hoa Hồng Có Gai","Ad ơi mua kem đánh răng này ở đâu vậy sao ko thấy bán ở hà nội","2015-07-26T12:26:33+0000",0,1,"856489777771185_857817724305057"
"1103409593093070","Sii Mii","chương trình gì vậy add","2015-07-27T15:43:58+0000",0,1,"856489777771185_858396660913830"
"1945344255742345","Kha Minh Trần","Há há có mình","2015-08-26T06:23:13+0000",0,0,"856489777771185_873264509427045"
